1393 673
1581 757
1803 905
1916 926
2196 1057
2550 1248
2979 1424
3193 1542
3657 1787
4195 2047
4540 2168
4769 2275
5171 2474
5352 2567
5763 2798
5945 2850
6260 3051
6554 3183
6700 3271
7047 3445
7480 3631
7735 3782
7931 3860
8189 3976
8539 4207
8632 4248
8902 4375
9022 4420
9138 4442
9559 4595
9834 4782
10173 5011
10312 5092
10563 5168
11020 5383
11452 5539
11846 5720
12165 5888
12573 6092
12866 6312
13399 6548
13816 6730
14025 6770
14179 6817
14352 6876
14601 7030
14970 7209
15442 7425
15845 7624
16095 7699
