1241 592
1460 737
1758 881
1909 943
2248 1182
2456 1255
2635 1330
2805 1447
3086 1511
3317 1599
3491 1698
3516 1700
3831 1857
4226 2018
4621 2208
4996 2409
5029 2424
5416 2575
5682 2738
6125 2966
6320 3095
6518 3146
6631 3172
6814 3265
7164 3418
7548 3595
7989 3806
8228 3953
8482 4041
8708 4150
8817 4200
9325 4441
9555 4552
9830 4726
10142 4874
10436 5058
10813 5241
11107 5333
11369 5456
11638 5601
11942 5792
12164 5900
12513 6132
12787 6281
13038 6380
13550 6595
13850 6692
14198 6846
14406 6957
14767 7130
