1171 581
1383 657
1812 858
1977 938
2324 1131
2507 1250
2666 1301
2876 1405
2920 1430
3306 1623
3719 1815
4238 2056
4557 2245
4734 2297
5241 2520
5561 2683
5951 2877
6397 3104
6794 3241
7145 3394
7607 3599
7761 3663
8146 3839
8432 3977
8834 4178
9265 4373
9628 4542
10062 4741
10512 4970
10848 5128
11196 5274
11650 5499
11902 5607
11996 5646
12273 5779
12787 6022
13062 6155
13328 6300
13426 6343
13685 6451
14224 6702
14277 6729
14544 6877
14772 6961
15158 7136
15233 7175
15530 7347
15955 7536
16390 7752
16592 7877
