1049 811
1337 1037
1717 1331
2087 1617
2445 1883
2905 2233
3245 2495
3538 2730
3801 2929
4232 3262
4421 3409
4474 3446
5031 3873
5371 4139
5486 4224
5823 4489
5942 4580
6154 4738
6266 4820
6364 4898
6829 5259
7122 5488
7466 5746
7631 5871
7768 5974
8033 6179
8190 6296
8635 6637
8986 6912
9332 7176
9429 7249
9760 7506
10174 7814
10487 8061
10718 8236
11247 8639
11488 8818
11923 9157
12261 9417
12706 9756
13007 9983
13277 10199
13831 10627
13976 10734
14344 11022
14893 11443
15094 11592
15364 11804
15523 11931
15860 12190
